   5.8148750000000000e+05   5.2445625000000000e+06
   5.8283750000000000e+05   5.2430125000000000e+06
   5.8333750000000000e+05   5.2459125000000000e+06
   5.8358750000000000e+05   5.2458625000000000e+06
   5.8378750000000000e+05   5.2460125000000000e+06
   5.8398750000000000e+05   5.2454125000000000e+06
   5.8398750000000000e+05   5.2464625000000000e+06
   5.8398750000000000e+05   5.2465125000000000e+06
   5.8403750000000000e+05   5.2470125000000000e+06
   5.8433750000000000e+05   5.2467125000000000e+06
   5.8438750000000000e+05   5.2454625000000000e+06
   5.8443750000000000e+05   5.2452625000000000e+06
   5.8443750000000000e+05   5.2457125000000000e+06
   5.8453750000000000e+05   5.2467125000000000e+06
   5.8468750000000000e+05   5.2452125000000000e+06
   5.8478750000000000e+05   5.2461625000000000e+06
   5.8503750000000000e+05   5.2455625000000000e+06
   5.8503750000000000e+05   5.2461625000000000e+06
   5.8503750000000000e+05   5.2465125000000000e+06
   5.8508750000000000e+05   5.2464625000000000e+06
   5.8518750000000000e+05   5.2453125000000000e+06
   5.8518750000000000e+05   5.2455625000000000e+06
   5.8523750000000000e+05   5.2455625000000000e+06
   5.8533750000000000e+05   5.2481125000000000e+06
   5.8553750000000000e+05   5.2440125000000000e+06
   5.8573750000000000e+05   5.2469625000000000e+06
   5.8628750000000000e+05   5.2443625000000000e+06
   5.8893750000000000e+05   5.2467125000000000e+06
