   5.2445784626872655e+03
   5.2430094420368223e+03
   5.2459388320694034e+03
   5.2458714632611081e+03
   5.2460367500320372e+03
   5.2454240703659707e+03
   5.2464410151252887e+03
   5.2464747657277449e+03
   5.2470103810290630e+03
   5.2467128381610319e+03
   5.2454352245694336e+03
   5.2452704748901506e+03
   5.2456885994433724e+03
   5.2466677278202096e+03
   5.2451905904514642e+03
   5.2461890973892405e+03
   5.2455491780095072e+03
   5.2461296989042748e+03
   5.2465121410532174e+03
   5.2464762717877829e+03
   5.2452963613213033e+03
   5.2456122421899327e+03
   5.2456008539372033e+03
   5.2481570504260517e+03
   5.2440576389521557e+03
   5.2469148115859061e+03
   5.2443587259987062e+03
   5.2467333772832289e+03
