X,Y,Z,formation
603028.0,7524192.027386738,714,A-HAS-xsl-ci
603002.8107701245,7524222.218643794,714,A-HAS-xsl-ci
602806.6686038336,7524445.72098382,818,A-HAS-xsl-ci
603028.0,7524735.570189322,818,P_-HAb-cib
602986.3205895501,7524763.229890565,818,P_-HAb-cib
602764.2875752032,7524878.730545701,818,P_-HAb-cib
513724.60869937006,7463049.581320526,326,P_-HAw-fr
513345.7817911958,7462722.5812877435,379,P_-HAw-fr
513268.08867008076,7462392.590203896,379,P_-HAw-fr
586215.1503305414,7477598.810325939,695,A-FO-od
585678.5606940424,7477420.298430329,695,A-FO-od
585487.2987202321,7477300.809781376,695,A-FO-od
586566.4808626763,7470142.210636269,650,A-FO-od
585087.3484959436,7470846.220210617,650,A-FO-od
585195.6511107306,7470835.709101377,650,A-FO-od
584915.5296730305,7477301.808820454,702,A-FO-od
584516.9158295239,7455348.0,670,A-FO-od
584502.0186973799,7455410.499651682,670,A-FO-od
584394.7107132408,7455701.9998933785,670,A-FO-od
583541.9399547883,7461443.629520047,763,A-FO-od
588284.0667166669,7455348.0,638,A-FO-od
588250.6288905913,7455405.581555307,638,A-FO-od
588074.7585749356,7455590.080491705,653,A-FO-od
598337.4991434681,7460809.769801652,725,A-FO-od
598159.4094579751,7460810.769631481,725,A-FO-od
597943.7996388472,7460926.258745978,725,A-FO-od
599106.1996965742,7461995.790331968,825,A-FO-od
582412.9031911627,7455348.0,616,A-FO-xo-a
582375.648753848,7455449.948413674,616,A-FO-xo-a
582250.5703206798,7455684.947198518,616,A-FO-xo-a
581984.3013319074,7466894.258762884,790,A-FO-xo-a
584310.5019610703,7470919.7089724075,654,A-FO-xo-a
584266.4291959535,7470772.712692838,654,A-FO-xo-a
584163.8894817455,7470503.71870485,654,A-FO-xo-a
581174.7102079261,7461125.591781959,680,A-FO-xo-a
539325.9803102695,7464356.7285363395,417,A-FO-od
539731.0504567224,7464324.231798124,417,A-FO-od
540047.7281529432,7464348.229473276,417,A-FO-od
542216.2497095313,7462313.639879284,442,A-FO-od
542521.6095566378,7462359.652523942,442,A-FO-od
542527.889604034,7462360.642610695,442,A-FO-od
542799.8103903356,7462027.129663639,423,A-FO-od
542780.7597677525,7462027.642235292,423,A-FO-od
542748.950508746,7462015.1283577755,423,A-FO-od
519650.2790171711,7463114.608826831,389,P_-HAj-xci-od
519580.2010174439,7463096.099768322,369,P_-HAj-xci-od
519516.5839039451,7463077.097089922,369,P_-HAj-xci-od
519030.03022154584,7463741.600600982,369,P_-HAw-fr
518979.1215751424,7463735.59066548,369,P_-HAw-fr
518934.59028314997,7463723.091260551,369,P_-HAw-fr
513444.63034618687,7471359.021746883,361,A-FOj-xs-b
514691.37058624346,7471004.041692011,345,A-FOj-xs-b
514835.46028451336,7470963.0409490075,345,A-FOj-xs-b
537474.4778734816,7461838.230796434,394,A-FOj-xs-b
526740.6189479487,7458570.990089027,422,A-FOj-xs-b
543624.1596563796,7464199.7496849075,427,A-FO-od
544209.24034623,7464196.750915734,434,A-FO-od
544806.9204884993,7464167.760070588,436,A-FO-od
553729.4014415285,7465563.86953228,512,A-FO-od
554280.689074936,7466015.871220347,494,A-FO-od
554607.4612152933,7466291.367713906,495,A-FO-od
603028.0,7464232.542284071,702,A-FO-od
602754.2408188843,7464165.351844235,702,A-FO-od
602397.6312493972,7464065.3480022885,702,A-FO-od
603028.0,7480464.122336242,654,A-FOo-bbo
602761.9699692104,7480465.4290857,654,A-FOo-bbo
602228.0399208779,7480538.419499013,652,A-FOo-bbo
591227.9207444034,7478255.919957563,665,A-FOo-bbo
588107.7304596676,7474714.771979224,698,A-FOo-bbo
513724.60869937006,7463049.581320526,326,P_-HAo-ci
513630.4003592569,7463395.078958774,326,P_-HAo-ci
512996.13861400966,7463111.070643317,322,P_-HAo-ci
519650.2790171711,7463114.608826831,389,P_-HAo-ci
519346.6385613695,7463447.101899501,369,P_-HAo-ci
514279.9684602305,7463844.069112472,332,P_-HAo-ci
519030.03022154584,7463741.600600982,369,P_-HAo-ci
518675.8886312226,7463887.082238508,364,P_-HAo-ci
518292.34857943666,7463834.578706267,364,P_-HAo-ci
517054.8819689969,7461633.090052418,458,P_-HAo-ci
517187.71885291307,7461492.1016292125,458,P_-HAo-ci
517396.2506426134,7461211.09092061,371,P_-HAo-ci
514218.0091572693,7461514.580906291,379,P_-HAo-ci
513929.3391824886,7462324.589140549,344,P_-HAo-ci
513734.2921198576,7463014.089184552,326,P_-HAo-ci
500485.43861836864,7473553.302206572,418,P_-HAo-ci
501907.41864752944,7473117.258932762,459,P_-HAo-ci
503127.1908015696,7472683.242520288,392,P_-HAo-ci
516212.73930334416,7466392.04028178,429,P_-HAo-ci
522245.4513024165,7463215.079797499,414,P_-HAo-ci
591812.0994172669,7470048.781367264,729,A-FO-od
592823.7305614349,7470144.799538219,661,A-FO-od
592836.3588879221,7470132.2897434635,661,A-FO-od
597434.7909502889,7466230.7804652285,673,A-FO-od
598965.8498850334,7465898.300090242,729,A-FO-od
593731.1792548397,7467065.799203923,678,A-FO-od
507327.5618185134,7472855.819046294,483,P_-HAj-xci-od
507448.2911605155,7472842.332321076,483,P_-HAj-xci-od
507689.77976032905,7472802.850124986,483,P_-HAj-xci-od
520182.8698512661,7465441.079420331,535,P_-HAj-xci-od
603028.0,7457371.152815831,735,A-FO-od
602874.7004607121,7457411.85119677,735,A-FO-od
602570.3179992593,7457604.337322356,735,A-FO-od
592412.1599915281,7458506.1713125305,707,A-FO-od
588210.5894098395,7462945.669884549,632,A-FO-od
590298.611936831,7470063.251807937,686,A-FO-od
590296.3507573118,7469579.259844324,686,A-FO-od
590319.7590539743,7469159.248445241,686,A-FO-od
592083.3776066224,7461569.188593544,638,A-FO-od
600864.2479103595,7459917.820518106,678,A-FO-od
595340.7799746467,7475216.880804047,671,A-FOh-xs-f
595213.529455565,7475210.879687408,665,A-FOh-xs-f
595111.7885939284,7475211.379245181,665,A-FOh-xs-f
596068.3597537577,7470420.308208789,676,A-FOh-xs-f
603028.0,7474464.745155728,629,A-FOh-xs-f
602892.4896083116,7474513.941612745,629,A-FOh-xs-f
602206.429235176,7474682.929089919,638,A-FOh-xs-f
603028.0,7479884.981484563,647,A-FOh-xs-f
602714.5916561029,7479886.47269973,647,A-FOh-xs-f
602421.550830509,7479786.471956572,647,A-FOh-xs-f
601191.1986211058,7476502.491819728,637,A-FOh-xs-f
537833.3904954605,7468177.289147348,430,A-FOr-b
538232.7009981057,7468461.802220173,424,A-FOr-b
538532.2619127387,7468606.3092806265,425,A-FOr-b
535417.4102298805,7467541.258461762,426,A-FOr-b
535436.6282413804,7467566.748302108,426,A-FOr-b
535487.909105098,7467642.749813048,426,A-FOr-b
572398.7317076109,7463802.07013879,616,A-FO-od
572590.5721746184,7464023.580845814,609,A-FO-od
572890.410159161,7464225.600131085,609,A-FO-od
571873.7719448892,7464415.602689202,611,A-FO-od
567029.4903145155,7463449.059848393,597,A-FO-od
577343.2703954676,7471190.4095207285,773,A-FO-od
577322.7586995307,7470891.417871604,735,A-FO-od
576293.7126109743,7470941.417232836,702,A-FO-od
573221.6502126819,7463008.018767664,624,A-FO-od
563537.4288395394,7464612.930363389,571,A-FO-od
562578.9692670155,7466336.871298195,553,A-FO-od
574882.6482948684,7468619.3995971475,691,A-FO-od
572731.7492816262,7474970.480758823,724,A-FO-od
573611.4220105993,7478084.510423536,686,A-FO-od
574858.5182569094,7474220.4583360795,731,A-FO-od
541784.1991629873,7466524.819316229,415,A-FO-xo-a
541361.0698571911,7466524.819998684,415,A-FO-xo-a
541281.718481272,7466656.82967098,428,A-FO-xo-a
549252.8501302499,7474996.208407242,463,A-FO-xo-a
603028.0,7470668.840437475,596,A-mgn-PMI
602474.4519557892,7470849.860168424,596,A-mgn-PMI
601274.1584664474,7471206.351013604,599,A-mgn-PMI
585087.3484959436,7470846.220210617,650,A-FO-xo-a
585045.5287159462,7470772.711728618,650,A-FO-xo-a
584946.1592003945,7470518.710315598,650,A-FO-xo-a
584277.7014667593,7478010.8199016005,699,A-FO-xo-a
583620.3425255335,7477800.309746809,696,A-FO-xo-a
583252.2303709611,7477642.301564602,696,A-FO-xo-a
585008.3989730468,7471329.210705968,664,A-FO-xo-a
584586.0181435575,7470893.219486663,654,A-FO-xo-a
584618.8686765437,7471106.708410174,664,A-FO-xo-a
584693.080153834,7471459.221613618,664,A-FO-xo-a
584002.1088807982,7467265.229287014,664,A-FO-xo-a
583963.9595565788,7467265.228402733,664,A-FO-xo-a
583906.7997659049,7467290.738626571,664,A-FO-xo-a
603028.0,7496894.153043226,723,A-FO-od
602860.2089176927,7496994.299527125,723,A-FO-od
602634.699495102,7497208.799121786,723,A-FO-od
571815.711452303,7470914.921241493,1014,A-HAd-kd
571905.4074547683,7470409.900666153,1014,A-HAd-kd
572143.3987330485,7470039.908545349,777,A-HAd-kd
560611.5500428514,7470303.831283461,635,A-HAd-kd
584915.5296730305,7477301.808820454,702,A-FO-xo-a
584878.4817437611,7477079.289463075,689,A-FO-xo-a
584841.3518879428,7476875.28086935,689,A-FO-xo-a
585920.2913447754,7470811.718264317,648,A-FO-xo-a
585500.8400800697,7470825.709869323,648,A-FO-xo-a
585527.7586146761,7471013.70860989,654,A-FO-xo-a
585601.9705202881,7471440.719503624,654,A-FO-xo-a
603028.0,7481171.0362721225,658,A-FOp-bs
602663.5308381594,7481146.888720653,658,A-FOp-bs
601868.3782811345,7481125.880139528,654,A-FOp-bs
528876.5314906028,7469505.347801838,439,A-mgn-PRK
528979.149501787,7469682.838905718,439,A-mgn-PRK
529164.7174623456,7469917.3316405825,439,A-mgn-PRK
528281.030408922,7471303.348550103,428,A-mgn-PRK
544669.6196843408,7473027.5583890965,459,A-mgn-PRK
544526.8200877941,7473060.061323328,459,A-mgn-PRK
543976.2304307839,7473023.0415782835,460,A-mgn-PRK
535280.5999213159,7476198.38803815,418,A-mgn-PRK
535211.1111935162,7476293.898184834,418,A-mgn-PRK
535205.7279956749,7476491.398697063,412,A-mgn-PRK
534169.6895330069,7473944.817569867,418,A-mgn-PRK
544003.9900112769,7477163.140414613,464,A-mgn-PRK
543921.9101247238,7477284.139229517,473,A-mgn-PRK
543776.5507663708,7477469.6384984,473,A-mgn-PRK
543742.5709825668,7474351.059987739,473,A-mgn-PRK
538613.5122623551,7478595.068648636,433,A-mgn-PRK
538346.5786106284,7478761.558312418,433,A-mgn-PRK
538028.7602746446,7478915.06024212,425,A-mgn-PRK
536728.7405942314,7477282.939114438,422,A-mgn-PRK
539971.7398473365,7476466.041237548,444,A-mgn-PRK
524662.7312944666,7480154.449089881,401,A-mgn-PRK
525046.5012032713,7480304.959675521,393,A-mgn-PRK
525590.1387563983,7480549.457747472,393,A-mgn-PRK
578480.0224387697,7470852.871336981,707,A-FO-od
577901.4694766715,7470887.87973567,726,A-FO-od
577858.6904488353,7471250.890858495,736,A-FO-od
575597.477559236,7478474.510115931,676,A-FO-od
579807.5389880686,7479456.927965999,776,A-FO-od
580980.8508958449,7479158.390892227,773,A-FO-od
580459.1107606313,7479046.410992606,773,A-FO-od
579971.4694851837,7479000.420399611,730,A-FO-od
577467.4623733513,7473207.419300595,705,A-FO-od
573106.5980793805,7479900.52943014,677,A-HAm-cib
573000.8387303769,7479477.519240137,672,A-HAm-cib
572630.5199130881,7479451.029186837,672,A-HAm-cib
573890.3590488242,7472133.432311298,692,A-HAm-cib
566878.1801641317,7479705.919990048,827,A-HAS-xsl-ci
566692.6876373516,7479483.900644731,792,A-HAS-xsl-ci
566628.4505751937,7479344.420101177,792,A-HAS-xsl-ci
571180.7983067477,7472451.9277962055,962,A-HAS-xsl-ci
571284.2791420687,7471060.910705458,997,A-HAS-xsl-ci
571259.2697594218,7471004.409864394,1014,A-HAS-xsl-ci
571244.1508110007,7470938.910424894,1014,A-HAS-xsl-ci
566703.4889712371,7466708.828495467,720,A-HAS-xsl-ci
563148.9392709355,7469577.380570725,608,A-HAS-xsl-ci
562530.0091197919,7471332.570273295,629,A-HAS-xsl-ci
558961.6183104429,7480662.8101029415,665,A-HAS-xsl-ci
558166.3184193139,7481134.301838829,688,A-HAS-xsl-ci
557462.7292451725,7481615.290951191,607,A-HAS-xsl-ci
555890.9780366041,7482756.780666053,582,A-HAS-xsl-ci
573106.5980793805,7479900.52943014,677,A-HAd-kd
572868.5998303797,7479927.017789973,674,A-HAd-kd
572577.64023896,7479953.530427787,674,A-HAd-kd
567849.2306057581,7476626.40032739,719,A-HAd-kd
573415.5305613433,7481007.030296098,758,A-HAd-kd
573222.2280027852,7480467.018067647,690,A-HAd-kd
544003.9900112769,7477163.140414613,464,A-FOr-b
544137.380135894,7477130.630503373,464,A-FOr-b
544245.4397777766,7477117.1420700345,464,A-FOr-b
544699.739897055,7475046.109856097,464,A-FOr-b
544440.7505353214,7475397.621116288,468,A-FOr-b
544383.9096172852,7475480.5990771735,466,A-FOr-b
535417.4102298805,7467541.258461762,426,A-FOh-xs-f
535887.7699390443,7467487.748719739,422,A-FOh-xs-f
536103.8892407318,7467467.752758452,422,A-FOh-xs-f
527133.6384881194,7470743.3795888275,416,A-FOh-xs-f
527285.2605320741,7470532.370420836,416,A-FOh-xs-f
527544.9589528658,7470320.861470051,416,A-FOh-xs-f
524662.7312944666,7480154.449089881,401,A-FOh-xs-f
524538.2493245932,7479935.452009119,401,A-FOh-xs-f
524274.5279945221,7479306.940670336,401,A-FOh-xs-f
529688.9688927903,7469169.827783721,429,A-FOh-xs-f
545321.022087082,7477302.161325062,466,A-FOh-xs-f
544699.739897055,7475046.109856097,464,A-FOh-xs-f
544706.1590167711,7475046.109632833,464,A-FOh-xs-f
544744.5725215034,7475103.109321851,464,A-FOh-xs-f
545000.019682148,7478579.670222336,469,A-FOh-xs-f
544661.7707924594,7479199.680131618,474,A-FOh-xs-f
544368.6396920605,7479729.68074253,474,A-FOh-xs-f
529450.8892218122,7483263.000841628,437,A-FOh-xs-f
530219.2494988048,7487046.530087505,443,A-FOo-bbo
529748.237797025,7487243.030886032,443,A-FOo-bbo
529542.0898650399,7487311.52945919,443,A-FOo-bbo
522007.3385259735,7483971.429067146,532,A-FOo-bbo
519254.7610831172,7474853.429951062,451,A-FOo-bbo
532237.8684002465,7466247.320719678,446,A-FOo-bbo
547781.9388716506,7466582.659879392,438,A-FOo-bbo
550472.311444642,7478079.751182286,480,A-FOo-bbo
532656.5494516735,7486033.552252596,430,A-FOo-bbo
572502.2000349986,7470847.411106991,780,A-HAm-cib
572564.5783966781,7470592.41857993,780,A-HAm-cib
572728.7085041341,7470324.400365388,780,A-HAm-cib
566657.36635643,7465430.709477316,581,A-HAm-cib
560093.7492547685,7470595.9082044475,565,A-HAm-cib
559617.4905473877,7478733.308365841,598,A-HAm-cib
530722.3818187496,7487373.529885361,455,A-FOp-bs
530307.5586379708,7487508.0305045545,455,A-FOp-bs
529856.1678522299,7487704.019459299,443,A-FOp-bs
520870.9082230013,7485702.431777302,706,A-FOp-bs
517221.15065452835,7475150.460328277,407,A-FOp-bs
545638.8220572687,7465258.321840143,433,A-FOp-bs
552499.3516993012,7472992.739403111,476,A-FOp-bs
543286.9606891245,7484168.188969664,533,A-FOp-bs
522992.898191273,7471930.4214286115,392,A-FO-xo-a
522992.89034584496,7471924.408994049,392,A-FO-xo-a
522668.83076499385,7471983.4200298805,392,A-FO-xo-a
520882.0816456502,7481374.422001999,449,A-FO-xo-a
528427.2775558421,7485979.999790713,502,A-FO-xo-a
521069.9688318771,7480768.910267463,414,A-FO-xo-a
522986.7703209607,7471981.421747688,392,A-FO-xo-a
590146.4415436976,7481527.911402939,691,A-FOj-xs-b
590019.7609986954,7481418.409328939,691,A-FOj-xs-b
589579.4627434057,7481242.411118942,717,A-FOj-xs-b
577619.2385332596,7466389.82729583,740,A-FOj-xs-b
569773.2811569837,7461359.3907124195,652,A-FOj-xs-b
557249.1180294566,7471138.038339855,518,A-FOj-xs-b
544081.8995357265,7486830.690987812,530,A-FOj-xs-b
538434.6211127931,7492137.620011984,499,A-FOj-xs-b
547965.6988511686,7495764.669543362,517,A-FOj-xs-b
561452.3326019703,7499402.240079401,718,A-FOj-xs-b
581077.909095286,7480837.918861929,821,A-HAm-cib
580338.0203516434,7480681.440792492,739,A-HAm-cib
580246.7206182108,7480586.440795712,739,A-HAm-cib
573415.5305613433,7481007.030296098,758,A-HAS-xsl-ci
572722.9590221499,7481138.02096534,745,A-HAS-xsl-ci
572646.6498808033,7481138.520065235,745,A-HAS-xsl-ci
566878.1801641317,7479705.919990048,827,P_-HAb-cib
565654.8114533114,7480533.389929285,700,P_-HAb-cib
565571.75997897,7480463.901291756,700,P_-HAb-cib
571430.6500721419,7471508.920266626,997,P_-HAb-cib
571284.2791420687,7471060.910705458,997,P_-HAb-cib
571225.080442369,7471076.9090850875,1108,P_-HAb-cib
570779.1604953242,7471259.410487525,1108,P_-HAb-cib
563707.2398253828,7468226.3190872725,583,P_-HAb-cib
563843.6494226446,7474133.827929306,725,P_-HAb-cib
558760.8087778909,7481780.310392513,658,P_-HAb-cib
572164.4687578281,7470880.419982715,780,P_-HAb-cib
553299.0305201578,7484648.280511148,528,P_-HAb-cib
552461.8693173277,7485130.261211153,530,P_-HAb-cib
573837.271808068,7481424.532577526,758,P_-HAb-cib
573735.530556165,7481425.530632988,758,P_-HAb-cib
573608.3091502322,7481438.519978329,758,P_-HAb-cib
576792.0396425326,7481283.018962212,977,P_-HAb-cib
576292.1600389034,7481344.041735068,896,P_-HAb-cib
575920.0295722922,7481329.023058908,896,P_-HAb-cib
542571.5123763828,7488831.1606816985,615,P_-HAb-cib
542400.7993956481,7489029.160822325,615,P_-HAb-cib
542350.6798693269,7489195.167969251,615,P_-HAb-cib
548668.0099365368,7492343.208267629,581,P_-HAb-cib
564047.0820376833,7494098.829069618,587,P_-HAb-cib
571921.6085456971,7494419.010107154,658,P_-HAb-cib
576864.591534393,7486799.048532462,1016,P_-HAb-cib
602681.5193539796,7482222.310117678,664,A-FOu-bbo
601962.6395338178,7482200.830130382,664,A-FOu-bbo
601421.9122463273,7482184.830674285,669,A-FOu-bbo
589618.8881399222,7479582.388587045,679,A-FOu-bbo
553729.4014415285,7465563.86953228,512,A-FOu-bbo
553857.4427048727,7465753.8715580795,494,A-FOu-bbo
553934.9300005157,7466001.83815367,494,A-FOu-bbo
554321.649293678,7477737.279417606,512,A-FOu-bbo
544290.2913056473,7485193.699562823,544,A-FOu-bbo
528182.869471571,7492066.029588519,470,A-FOu-bbo
521300.75817305036,7489156.450065527,560,A-FOu-bbo
516353.5194691879,7485236.871821027,641,A-FOu-bbo
511237.4310316509,7479262.818575969,419,A-FOu-bbo
527525.5188823639,7466241.4309334885,453,A-FOu-bbo
541059.329234861,7459777.118965864,447,A-FOu-bbo
543090.6882636801,7456360.989495797,506,A-FOu-bbo
584586.0181435575,7470893.219486663,654,A-FOu-bbo
542216.2497095313,7462313.639879284,442,A-FOu-bbo
541835.8910378163,7462507.151528238,412,A-FOu-bbo
577719.4886692092,7509884.060415264,648,A-FOu-bbo
577714.6183421212,7510041.572794564,648,A-FOu-bbo
577691.5576424883,7510196.568583172,648,A-FOu-bbo
576472.9694596704,7517316.109643496,624,A-FOu-bbo
569624.3923737868,7520220.59789329,612,A-FOu-bbo
565066.0189829665,7512311.469542041,638,A-FOu-bbo
568849.1489058938,7509845.540999069,638,A-FOu-bbo
577659.0800960275,7509563.568793629,648,A-FOu-bbo
603028.0,7482039.41916836,664,A-FO-od
602808.1115007031,7482100.818402458,664,A-FO-od
602681.5193539796,7482222.310117678,664,A-FO-od
603012.2593686843,7482233.311584366,664,A-FO-od
581077.909095286,7480837.918861929,821,A-HAd-kd
580601.6721707681,7480980.439587716,874,A-HAd-kd
580309.8201294863,7481141.461656823,874,A-HAd-kd
577096.4698686586,7491368.550993152,727,A-HAd-kd
577875.3413067707,7490714.558785018,708,A-HAd-kd
579161.8410433388,7489549.570847094,715,A-HAd-kd
580191.6692319387,7483889.008403407,750,A-HAd-kd
603028.0,7487285.006223432,924,A-FO-od
603017.4200381981,7487286.608080963,924,A-FO-od
602648.7480558987,7487327.1217978895,924,A-FO-od
568448.4503374178,7492823.408249297,782,P_-HAj-xci-od
568977.4490406177,7492717.420189425,848,P_-HAj-xci-od
569559.330632619,7492611.928495375,777,P_-HAj-xci-od
574747.2104042736,7489147.518772891,659,P_-HAj-xci-od
573626.4007848253,7484777.0302587,649,P_-HAj-xci-od
569624.0311820715,7483898.977920664,624,P_-HAj-xci-od
556978.9295687121,7484170.302174667,612,P_-HAj-xci-od
546373.3494944678,7488770.70182595,679,P_-HAj-xci-od
567707.8984151097,7492796.890826864,782,P_-HAj-xci-od
561967.689752161,7490957.840592105,576,P_-HAo-ci
562111.7010777739,7490942.3415919095,576,P_-HAo-ci
562255.1386179924,7490942.34140837,576,P_-HAo-ci
569132.3600373911,7488225.427044997,605,P_-HAo-ci
566773.9691073397,7485664.92033099,602,P_-HAo-ci
557098.29149637,7485718.299393462,557,P_-HAo-ci
553767.3102340716,7490826.247696089,619,P_-HAo-ci
564704.4613370219,7490398.867679797,593,P_-TK-s
565532.1320983703,7490247.368484621,604,P_-TK-s
566291.7589775326,7490090.888745455,626,P_-TK-s
567019.110871808,7486220.919298481,610,P_-TK-s
550322.429730201,7489129.230387763,571,P_-TK-s
555057.4308767115,7489667.76905931,550,P_-TK-s
563882.5904459396,7490464.350965099,599,P_-TK-s
561992.0613378978,7491548.828457136,612,P_-HAw-fr
562521.0797627469,7491443.339935239,572,P_-HAw-fr
563102.9485779731,7491443.348084319,572,P_-HAw-fr
560220.0295628642,7484672.327714963,596,P_-HAw-fr
549687.5500687097,7490279.22023163,579,P_-HAw-fr
555658.9791804341,7455348.0,514,A-FOo-bbo
555090.9871489422,7455609.90879943,485,A-FOo-bbo
554580.1336674895,7455771.399240216,485,A-FOo-bbo
518544.9854526088,7457109.783315271,346,P_-WYm-sp
518925.2302362945,7456454.501156992,337,P_-WYm-sp
519178.00021015474,7455979.491794733,337,P_-WYm-sp
511530.2559556583,7455348.0,304,P_-WYm-sp
511695.0592184964,7455541.21216936,306,P_-WYm-sp
511935.8723908261,7455726.197429137,306,P_-WYm-sp
527823.5816522368,7455348.0,453,A-FO-od
527975.4109453494,7455440.949896452,453,A-FO-od
528083.3010877497,7455528.940204754,453,A-FO-od
561294.7695130723,7455348.0,640,A-FOp-bs
560984.5096886226,7455482.991215894,640,A-FOp-bs
560524.3783229477,7455675.490779469,598,A-FOp-bs
548389.8383426849,7459380.969621196,454,A-FOp-bs
565964.3333640045,7455348.0,745,A-FO-od
565867.7209248265,7455432.0700274855,663,A-FO-od
565729.5291112497,7455578.072230845,663,A-FO-od
528223.2403266861,7455711.449297942,453,A-FO-xo-a
527915.3605562362,7456023.442446964,433,A-FO-xo-a
528061.2114749091,7456129.94134444,433,A-FO-xo-a
535931.204363097,7455348.0,474,A-FO-xo-a
535840.5802732703,7455420.760144821,474,A-FO-xo-a
535544.618707048,7455599.780983204,454,A-FO-xo-a
553852.4486262931,7455548.391611727,485,A-FO-xo-a
553864.9590944882,7455516.889499038,485,A-FO-xo-a
553852.0604426884,7455478.878720952,485,A-FO-xo-a
549130.7895538545,7455348.0,505,A-FO-xo-a
549170.6880818079,7455433.81780519,505,A-FO-xo-a
549234.8193574799,7455616.832456913,505,A-FO-xo-a
549454.5281096904,7457280.840612523,472,A-FO-xo-a
551940.3210191503,7457133.871953426,511,A-FO-xo-a
550671.9213174207,7463193.510571446,687,A-FO-xo-a
550195.6214583683,7463330.021661732,687,A-FO-xo-a
549808.2513419999,7463446.540497836,543,A-FO-xo-a
552415.3387863858,7462064.1607730985,821,A-FO-xo-a
542799.8103903356,7462027.129663639,423,A-FO-xo-a
542978.1097622485,7462077.141603846,423,A-FO-xo-a
543149.9981560017,7462108.140342154,457,A-FO-xo-a
543624.1596563796,7464199.7496849075,427,A-FO-xo-a
543826.7191273108,7463988.741057862,434,A-FO-xo-a
543896.4279409858,7463943.74983239,434,A-FO-xo-a
553511.6486052824,7463916.528075441,534,A-FO-xo-a
541137.8791867157,7464245.219983414,410,A-FO-xo-a
541697.3104647034,7464197.218369439,410,A-FO-xo-a
542046.871217445,7464151.228882352,415,A-FO-xo-a
555012.1208386013,7466511.3690035995,495,A-FO-xo-a
555146.1999251265,7466618.868356185,490,A-FO-xo-a
555427.6397434074,7466838.867395595,496,A-FO-xo-a
562392.4899232636,7457904.390238866,726,A-FO-xo-a
566675.9113779202,7455348.0,745,A-FO-xo-a
566676.4722987433,7455451.5906556565,745,A-FO-xo-a
566620.570623919,7455623.089959787,745,A-FO-xo-a
557723.6677623141,7459816.079965653,584,A-FO-xo-a
558241.4324442184,7459996.0219824575,556,A-FO-xo-a
558601.5314828905,7460288.459517751,556,A-FO-xo-a
552405.1190749739,7461249.61046466,821,A-FO-xo-a
517932.22064684244,7458917.040758656,338,P_-SKq-stq
518187.2206556258,7457712.529271515,364,P_-SKq-stq
516400.49948550155,7457779.51952857,321,P_-SKq-stq
516350.55809850286,7457964.519283172,321,P_-SKq-stq
516332.6384136367,7458212.5294016665,321,P_-SKq-stq
593792.8976458757,7455348.0,669,A-FO-xo-a
593772.0491421518,7455369.179620655,669,A-FO-xo-a
593690.362024497,7455451.681094255,669,A-FO-xo-a
593026.8101073799,7457536.1679386925,643,A-FO-xo-a
588174.2283547823,7456702.09215055,624,A-FO-xo-a
585430.8309832284,7462697.648130581,680,A-FO-xo-a
586016.5387137701,7465605.689310843,641,A-FO-xo-a
586079.1698779358,7465414.181380888,641,A-FO-xo-a
586115.6783775175,7465057.681578679,641,A-FO-xo-a
589628.2792727702,7456172.60996303,613,A-FO-xo-a
594498.4913576854,7458602.722572327,847,A-FO-xo-a
597177.7298831345,7455711.247947037,753,A-FO-xo-a
602140.4015714317,7455431.818840368,698,A-FO-xo-a
517521.649275874,7460828.578241471,371,P_-TK-s
517683.26787726616,7460051.071616204,392,P_-TK-s
513274.99071016174,7459801.530754743,341,P_-TK-s
513730.4899846975,7460632.5594766,428,P_-TK-s
514218.0091572693,7461514.580906291,379,P_-TK-s
528824.2789137887,7461218.980347013,659,A-HAm-cib
528613.8596181788,7461105.479971984,560,A-HAm-cib
528435.2977224132,7461004.488403613,560,A-HAm-cib
557723.6677623141,7459816.079965653,584,A-FO-od
557251.3224671518,7459994.669811833,584,A-FO-od
556953.231168931,7460155.711759631,651,A-FO-od
546451.4602786588,7460970.091024807,459,A-FO-od
531561.2092181009,7461719.409085164,435,A-HAm-cib
531909.2096895096,7461335.887910256,435,A-HAm-cib
530558.439707411,7460801.949942032,496,A-HAm-cib
520335.61005588423,7461468.599066198,436,A-HAm-cib
520278.37987662014,7461475.598571142,436,A-HAm-cib
520227.50002527644,7461482.098923963,436,A-HAm-cib
577096.4698686586,7491368.550993152,727,A-HAS-xsl-ci
577244.7008122711,7491093.057413636,727,A-HAS-xsl-ci
577304.1986953394,7490676.560616605,727,A-HAS-xsl-ci
577836.531705186,7485253.537421493,776,A-HAS-xsl-ci
571488.1286121431,7495446.000987405,643,A-HAS-xsl-ci
571570.18777951,7495401.500968056,643,A-HAS-xsl-ci
573206.1103189024,7494393.0204730835,681,A-HAS-xsl-ci
541894.3123496874,7489210.159582384,615,A-HAS-xsl-ci
541829.8697623395,7489306.661518456,589,A-HAS-xsl-ci
541740.1306693952,7489441.161309039,589,A-HAS-xsl-ci
546676.9415276691,7492650.168339061,545,A-HAS-xsl-ci
560051.2902870717,7494400.798751077,658,A-HAS-xsl-ci
585775.6122408151,7483109.949648449,770,A-HAm-cib
587794.7097547863,7481106.890617546,698,A-HAm-cib
586466.2102697999,7481234.891194666,732,A-HAm-cib
543785.6400205467,7492706.660189226,543,A-HAm-cib
555639.8498697774,7494093.75924265,579,A-HAm-cib
562127.458156128,7496948.281942371,614,A-HAm-cib
570441.9782247964,7496618.959596908,643,A-HAm-cib
580231.2286330782,7489982.558817191,745,A-HAm-cib
582767.2392269969,7485704.021267636,761,A-HAm-cib
583994.6588506259,7484379.989237806,770,A-HAm-cib
590146.4415436976,7481527.911402939,691,A-FO-od
589818.4508157538,7481426.911123026,717,A-FO-od
588504.4484955498,7481930.408267135,718,A-FO-od
585504.4896551878,7484938.4781746175,744,A-FO-od
584320.7410306514,7484747.498516524,770,A-FO-od
580030.6271166067,7491924.54998641,713,A-FO-od
568816.7303159247,7497453.908197887,652,A-FO-od
557909.3799844079,7497912.75696769,581,A-FO-od
574542.5695141715,7498599.51790915,879,A-FO-od
574789.3093191966,7498324.5298527805,879,A-FO-od
575112.3520670591,7498068.029552843,800,A-FO-od
594510.4099272448,7483896.389670065,687,A-FO-od
576436.9201836634,7497119.039961543,818,A-FO-od
576524.7915967237,7496870.047415057,818,A-FO-od
576708.031149375,7496627.048655206,807,A-FO-od
583517.7406285683,7491040.060177671,768,A-FO-od
592082.0789853641,7488015.0095166005,766,A-FO-od
595452.1579033481,7486615.511114734,747,A-FO-od
597384.8314206892,7487789.101745108,738,A-FO-od
600494.247224834,7485034.771257131,892,A-FO-od
565723.660329035,7498946.358209377,611,A-FO-od
565741.6586098028,7498710.848306902,611,A-FO-od
565836.5498651322,7498595.361191347,605,A-FO-od
576436.9201836634,7497119.039961543,818,A-FOj-xs-b
576951.5221202805,7497014.050909055,735,A-FOj-xs-b
577154.130404287,7496828.560175072,807,A-FOj-xs-b
584276.5416703095,7491462.558252627,820,A-FOj-xs-b
592066.9695955514,7488829.530973969,774,A-FOj-xs-b
596150.8086648796,7490335.138159202,1073,A-FOj-xs-b
596942.8315246783,7488447.141140668,801,A-FOj-xs-b
601002.2222160702,7487495.278423024,928,A-FOj-xs-b
541894.3123496874,7489210.159582384,615,A-HAd-kd
541890.4418852343,7489212.15929695,615,A-HAd-kd
541239.6398272745,7489576.641550289,589,A-HAd-kd
541044.129119221,7489927.639102354,581,A-HAd-kd
540987.830454491,7489984.639747344,581,A-HAd-kd
540993.7486823311,7490029.63847021,581,A-HAd-kd
540994.1994464234,7490125.140449554,581,A-HAd-kd
546146.6309134729,7493050.6718307175,546,A-HAd-kd
557243.719717298,7494358.769814795,614,A-HAd-kd
515387.8801434466,7497449.911384571,583,A-HAm-cib
515247.7316356545,7497393.398640374,583,A-HAm-cib
515151.92123607424,7497317.409030022,583,A-HAm-cib
555500.5884723695,7496894.751179402,551,A-FO-od
555340.4594201874,7496653.750606684,564,A-FO-od
555072.2692997268,7496419.742742304,561,A-FO-od
544084.9995662612,7494137.151695045,557,A-FO-od
549217.7598421574,7495617.679104451,546,A-FO-od
554527.538477251,7496881.231878839,549,A-FO-od
554862.030739622,7497234.0600432865,549,A-FO-od
554979.1811362203,7497124.242331235,549,A-FO-od
515387.8801434466,7497449.911384571,583,A-HAd-kd
515090.6811297375,7497755.410924647,627,A-HAd-kd
513986.4205398292,7497327.390844778,666,A-HAd-kd
516446.69067299116,7498643.431202108,523,A-HAd-kd
516091.2609173661,7498037.406650281,554,A-HAd-kd
515870.97030731436,7497621.410510212,583,A-HAd-kd
516885.9020266296,7498199.42978093,554,A-HAm-cib
516642.61855781474,7497850.430706592,554,A-HAm-cib
516489.1098591366,7497660.420313064,534,A-HAm-cib
516084.3513992564,7498918.921112342,523,A-HAS-xsl-ci
515626.22933599236,7498502.409942888,569,A-HAS-xsl-ci
515210.1417954884,7498208.407596791,569,A-HAS-xsl-ci
565723.660329035,7498946.358209377,611,A-FOj-xs-b
566124.0271497127,7498886.84829781,612,A-FOj-xs-b
566740.4106364641,7498787.869114787,612,A-FOj-xs-b
524512.8016755152,7500182.007520055,628,A-HAm-cib
524463.0991738202,7500175.499800228,628,A-HAm-cib
524144.6606498105,7500075.500072925,628,A-HAm-cib
603028.0,7500761.574237695,722,A-HAm-cib
602969.4894759686,7500815.848024119,722,A-HAm-cib
602717.4211010343,7501024.848514569,722,A-HAm-cib
598125.289198058,7505447.969200456,705,A-HAm-cib
598103.2409425201,7507977.519596775,684,A-HAm-cib
596975.6893048492,7510420.100051235,685,A-HAm-cib
594326.4086599546,7514932.601599501,672,A-HAm-cib
592774.8817157897,7518795.62911502,676,A-HAm-cib
592481.3694113576,7523516.670111023,638,A-HAm-cib
593339.5308476358,7525252.699003914,643,A-HAm-cib
592207.220646801,7531190.759902668,639,A-HAm-cib
592566.6414227209,7532835.770485414,622,A-HAm-cib
581155.5693783192,7531408.179190267,600,A-HAm-cib
560409.3584251842,7528344.08955431,615,A-HAm-cib
563379.2894172365,7526378.598893812,600,A-HAm-cib
550855.2008191773,7521734.709631078,645,A-HAm-cib
556415.3402972729,7525887.959389009,637,A-HAm-cib
543439.6795475472,7530700.018304341,576,A-HAm-cib
532503.7819472632,7531185.9796828665,579,A-HAm-cib
529074.4293847019,7528174.82201416,603,A-HAm-cib
521988.1780156304,7531790.2489827555,610,A-HAm-cib
518851.69071688765,7536918.348944165,557,A-HAm-cib
514097.47134948673,7540101.038027048,539,A-HAm-cib
507911.1396292477,7537722.270228405,515,A-HAm-cib
503856.19016713585,7532945.019358743,508,A-HAm-cib
522262.5892494384,7500072.482070159,593,A-HAd-kd
521744.10154784657,7500092.981373832,584,A-HAd-kd
521177.75832466764,7500024.9712812025,600,A-HAd-kd
517473.7793502056,7497665.421620909,581,A-HAd-kd
517455.8595580631,7497686.921482795,581,A-HAd-kd
517258.33013624453,7497864.421305172,617,A-HAd-kd
524512.8016755152,7500182.007520055,628,A-HAS-xsl-ci
524248.5878947851,7500447.019739934,579,A-HAS-xsl-ci
523397.8001284584,7500183.490969235,587,A-HAS-xsl-ci
522262.5892494384,7500072.482070159,593,A-HAS-xsl-ci
522066.44068488805,7500347.990537263,584,A-HAS-xsl-ci
521600.97880678234,7500716.47982296,543,A-HAS-xsl-ci
528009.3800218557,7501104.558865529,574,A-HAS-xsl-ci
527430.069526084,7500795.549108036,584,A-HAS-xsl-ci
526591.8897239437,7500682.031189082,590,A-HAS-xsl-ci
513751.0118555109,7500914.900836759,501,P_-HAj-xci-od
513686.999321126,7500832.400565706,501,P_-HAj-xci-od
513623.1221732828,7500775.399826411,501,P_-HAj-xci-od
516985.4093381178,7502432.939699863,506,P_-HAo-ci
517381.03029292455,7501996.450410894,512,P_-HAo-ci
517068.9677534508,7501902.4389561415,512,P_-HAo-ci
603028.0,7495538.02642123,741,A-FOj-xs-b
602933.837325757,7495604.269500084,741,A-FOj-xs-b
602335.5680052356,7496175.778296798,731,A-FOj-xs-b
594666.7299301646,7508141.069426656,687,A-FOj-xs-b
591077.2209527139,7519617.12003719,644,A-FOj-xs-b
587987.0506744276,7532276.789965881,608,A-FOj-xs-b
572639.3926314332,7529509.172290363,601,A-FOj-xs-b
563420.619224072,7524505.087959981,601,A-FOj-xs-b
555656.2292793011,7519486.211084956,640,A-FOj-xs-b
550324.6707411109,7512949.121698819,636,A-FOj-xs-b
546630.1392537792,7507705.651330575,586,A-FOj-xs-b
537565.798163318,7499296.128917709,509,A-FOj-xs-b
525809.9994639279,7499116.01942612,545,A-FOj-xs-b
549150.8192785595,7526237.880173808,607,A-FOj-xs-b
548044.8893493242,7526422.389121361,626,A-FOj-xs-b
546570.330043778,7526852.399783688,624,A-FOj-xs-b
533606.4610516279,7524240.769896943,583,A-FOj-xs-b
512860.471423931,7534156.709639332,560,A-FOj-xs-b
512549.8100120865,7534349.218259642,565,A-FOj-xs-b
512347.1408216653,7534515.721000802,560,A-FOj-xs-b
515828.9278013049,7532498.289666947,571,A-FOj-xs-b
518852.32133001613,7513132.95872673,577,A-FOj-xs-b
518871.5885909442,7513177.461539391,577,A-FOj-xs-b
518884.6310174844,7513240.962088445,577,A-FOj-xs-b
519366.99150472914,7519166.154708076,573,A-FOj-xs-b
522992.5991284264,7524435.534030516,529,A-FOj-xs-b
526013.5915653348,7526434.779301371,540,A-FOj-xs-b
513663.34851509595,7530308.288960158,510,A-FOj-xs-b
511556.32952459407,7511441.35959674,538,A-FOj-xs-b
513462.93929074606,7507185.910558911,596,P_-HAj-xci-od
513998.31960434886,7507443.92925825,596,P_-HAj-xci-od
514208.4903319236,7507499.9224899635,596,P_-HAj-xci-od
527864.7422027574,7510184.620732227,620,P_-HAj-xci-od
537068.6508493369,7505741.160368161,599,P_-HAj-xci-od
520343.1787470452,7501712.978866879,524,P_-HAj-xci-od
514948.98046134284,7506013.929378688,526,P_-HAo-ci
515486.17140852567,7506054.439311183,528,P_-HAo-ci
515906.2895153558,7506134.938737659,528,P_-HAo-ci
536028.1311930309,7510219.199198622,635,P_-HAo-ci
528710.4300038451,7504589.578030497,557,P_-HAo-ci
603028.0,7507922.547475475,674,A-HAd-kd
602410.1596401021,7508275.409692503,674,A-HAd-kd
601590.1006198534,7508619.439907098,669,A-HAd-kd
596299.5106638622,7519095.149854295,645,A-HAd-kd
595558.8804437394,7533776.2900337335,619,A-HAd-kd
585434.4682787426,7534076.739474993,603,A-HAd-kd
570636.4809108898,7531624.16954614,594,A-HAd-kd
558174.4907900529,7530950.16951279,585,A-HAd-kd
557753.8598629399,7527632.028000146,596,A-HAd-kd
553052.1186579172,7530742.100025192,580,A-HAd-kd
536383.6399492093,7533280.109387007,583,A-HAd-kd
527702.2202615218,7530848.870899293,558,A-HAd-kd
513517.8591322514,7540839.509675281,542,A-HAd-kd
502534.18039123074,7534422.541104924,500,A-HAd-kd
510423.12932860455,7508407.370145738,629,A-HAS-xsl-ci
511294.11820729636,7508488.368329791,551,A-HAS-xsl-ci
512003.8918961561,7508659.889180736,539,A-HAS-xsl-ci
508791.6682320091,7510463.349962862,557,A-FO-od
508830.0115021359,7510501.351742022,557,A-FO-od
508861.89910645,7510526.841081787,557,A-FO-od
510984.0608821759,7510126.871364711,542,A-FO-od
518912.7776578842,7509330.469267307,595,A-HAS-xsl-ci
519982.6783238215,7509614.490014644,593,A-HAS-xsl-ci
520790.3392755437,7509810.000093644,581,A-HAS-xsl-ci
533028.4015799883,7518401.250638135,602,A-HAS-xsl-ci
548790.0804248406,7516712.1497669285,827,A-HAS-xsl-ci
541936.8897182806,7506065.650883874,727,A-HAS-xsl-ci
500057.0,7512364.049138997,575,A-HAd-kd
500974.14981103275,7512071.258498991,548,A-HAd-kd
501837.91068595427,7511812.261080561,576,A-HAd-kd
521250.8971416274,7510927.00748226,605,A-HAd-kd
530515.2888327922,7520299.242321802,600,A-HAd-kd
549677.9203959727,7520204.17798112,647,A-HAd-kd
546556.9118140531,7512613.137509336,634,A-HAd-kd
535289.7498044383,7501266.619757384,630,A-HAd-kd
514456.26881225855,7510126.91203326,551,A-FO-od
513218.35101350705,7510572.888738686,543,A-FO-od
513262.9894725404,7510598.398156518,543,A-FO-od
520563.53991646087,7511920.501669735,585,A-FO-od
518852.32133001613,7513132.95872673,577,A-FO-od
518845.8495296839,7513113.960283523,577,A-FO-od
519646.42170204973,7512962.969518988,617,A-FO-od
511842.5580964289,7511458.878000636,545,A-FO-od
511963.29164689744,7511438.869647553,545,A-FO-od
512007.8394706861,7511445.381691348,545,A-FO-od
511842.5580964289,7511458.878000636,545,A-FOj-xs-b
511514.10732731054,7511925.371076415,538,A-FOj-xs-b
511940.23969367583,7511941.869705558,545,A-FOj-xs-b
521206.4479844784,7513361.990638018,611,A-FO-od
520938.8813334538,7513267.979361892,611,A-FO-od
520785.71878453717,7513160.492102934,611,A-FO-od
550240.3708093689,7509051.650352143,555,A-FO-od
550052.7987998518,7508832.65142632,555,A-FO-od
549896.5504820646,7508895.1502123615,555,A-FO-od
556772.2709639494,7517865.1612005085,640,A-FO-od
552053.031450616,7511270.629313398,580,A-FO-od
547768.5004959744,7510360.139033847,661,A-FO-od
547274.1485748464,7510712.640826641,661,A-FO-od
547275.2605774506,7510942.138522889,661,A-FO-od
554430.2013297953,7516376.629026152,652,A-FO-od
554359.1114743543,7521449.778976822,647,A-FO-od
552937.3906652003,7514068.127649389,655,A-FO-od
521206.4479844784,7513361.990638018,611,A-FO-od
521379.0088254044,7513545.499634659,590,A-FO-od
521635.5285463423,7513989.981370027,613,A-FO-od
523252.7320700752,7522325.041430866,546,A-FO-od
524157.9992551566,7518807.028149128,602,A-FO-od
520542.46262552636,7514160.968543027,635,A-FO-od
519928.68067640776,7514807.459385296,618,A-FO-od
519922.7088968382,7514883.9406095315,618,A-FO-od
520746.63695128396,7523377.464131266,541,A-FO-od
529398.9401704759,7522896.740086575,554,A-FO-od
535733.1706998379,7522925.760811813,588,A-FO-od
527845.9782616969,7522631.229686435,566,A-FO-od
522200.2895363933,7519040.458904402,642,A-FO-od
525101.4207264519,7529844.820422824,591,A-FO-od
525050.8308727974,7529896.321435466,591,A-FO-od
524784.3284950963,7530018.308814311,598,A-FO-od
518650.2212443162,7534710.71073777,567,A-FO-od
524084.7392583112,7528672.809128962,554,A-FO-od
533058.0604890609,7528528.860338591,573,A-FO-od
538991.861418411,7531481.530262249,590,A-FO-od
538105.908969786,7531079.008281406,606,A-FO-od
533230.1983601172,7527471.337516932,568,A-FO-od
528810.369423635,7526145.790278911,538,A-FO-od
517942.7716251979,7533021.730166163,547,A-FO-od
519517.0691760208,7533764.169661583,564,A-FO-od
602569.4191617514,7541320.252098193,636,P_-HAb-cib
602566.9973081265,7540810.759854142,636,P_-HAb-cib
602470.0698050184,7540480.25284697,636,P_-HAb-cib
601934.4722669242,7541533.75794567,582,P_-HAb-cib
598213.6277069992,7542743.798978819,621,P_-HAb-cib
598148.3796560261,7542394.293565607,621,P_-HAb-cib
597987.4302488154,7541994.291893501,748,P_-HAb-cib
569543.888464261,7555493.40917084,612,P_-HAb-cib
569375.2696079749,7555351.408267861,590,P_-HAb-cib
569206.6386835892,7555360.41083435,590,P_-HAb-cib
569570.3218344008,7555851.9113982655,577,P_-HAb-cib
603028.0,7537211.515737079,602,A-HAS-xsl-ci
602982.2195270594,7537165.750380119,602,A-HAS-xsl-ci
602660.6797956224,7536905.24993553,602,A-HAS-xsl-ci
590845.0404814793,7539489.261491776,631,A-HAS-xsl-ci
572859.0192352689,7537955.209863443,593,A-HAS-xsl-ci
557808.7495378178,7533696.790694965,766,A-HAS-xsl-ci
538156.208018847,7535442.178366942,858,A-HAS-xsl-ci
512975.5246532913,7542345.9781746715,743,A-HAS-xsl-ci
560472.280056791,7566950.491774021,457,A-HAS-xsl-ci
562136.6264099833,7565235.957352167,508,A-HAS-xsl-ci
560708.1265261718,7564396.972200902,471,A-HAS-xsl-ci
564847.7875011018,7559208.960998553,446,A-HAS-xsl-ci
571953.6515982121,7560847.87964129,456,A-HAS-xsl-ci
574956.8775930116,7562511.866831899,552,A-HAS-xsl-ci
572161.7670570929,7563350.429893222,488,A-HAS-xsl-ci
567623.6501053674,7566451.043122297,415,A-HAS-xsl-ci
571350.8522566098,7566913.561480885,456,A-HAS-xsl-ci
597027.5944784037,7566610.112301266,497,A-HAS-xsl-ci
597633.625013397,7559391.552018248,449,A-HAS-xsl-ci
599666.9693794454,7555363.640744681,536,A-HAS-xsl-ci
598545.6876211313,7552314.80020302,647,A-HAS-xsl-ci
599261.9925136591,7549192.369411404,519,A-HAS-xsl-ci
602237.5410706257,7547012.9445974585,492,A-HAS-xsl-ci
580233.2909141895,7559834.28052924,608,P_-HAb-cib
580074.3121664068,7559754.791820912,609,P_-HAb-cib
579756.3591445918,7559781.278540509,609,P_-HAb-cib
558049.8753245005,7561757.491745004,558,P_-HAb-cib
558080.5589450157,7561515.480733529,558,P_-HAb-cib
558174.8117559322,7561285.981039561,558,P_-HAb-cib
556199.2425153124,7561748.512150984,502,P_-HAb-cib
574096.8589742597,7566182.969841766,591,P_-HAb-cib
574399.812853517,7566029.961940638,591,P_-HAb-cib
574875.8010726843,7565796.434002578,649,P_-HAb-cib
578915.8997971873,7561410.791868102,624,P_-HAb-cib
573726.9100708835,7565949.490234559,524,P_-HAb-cib
516400.49948550155,7457779.51952857,321,P_-WYd-kd
516446.77952688973,7457766.515785914,321,P_-WYd-kd
517092.755736819,7457585.008267958,342,P_-WYd-kd
513435.8453950343,7459733.033136327,396,P_-WYd-kd
513811.7376043963,7459572.963152194,396,P_-WYd-kd
514214.277507754,7459401.531522072,339,P_-WYd-kd
500057.0,7510606.291606437,590,A-HAS-xsl-ci
500990.2108991502,7510372.757638234,584,A-HAS-xsl-ci
502091.550968801,7509883.269445429,597,A-HAS-xsl-ci
510875.41188536363,7511343.370904963,538,A-FO-od
511160.0618972825,7511023.371642524,547,A-FO-od
511115.4604926968,7511004.369298751,547,A-FO-od
500453.06871342903,7514181.23861509,556,A-FO-od
509452.11175801407,7511598.849867394,547,A-FO-od
500057.0,7512756.285260801,575,A-HAm-cib
500169.67052006826,7512716.253096536,575,A-HAm-cib
500327.4191261473,7512671.748648947,575,A-HAm-cib
512534.8798723581,7509940.380250789,529,A-HAm-cib
522108.9604022533,7511925.032056378,582,A-HAm-cib
525351.48139758,7519685.100872451,602,A-HAm-cib
530974.8311040231,7521290.740069432,571,A-HAm-cib
543479.440338519,7521719.211343549,615,A-HAm-cib
552736.7113047264,7518632.649384202,687,A-HAm-cib
547107.0900537329,7512130.131334284,634,A-HAm-cib
541486.3090071399,7503927.648780183,606,A-HAm-cib
533285.1918550768,7500484.100475056,662,A-HAm-cib
525080.3787690921,7500248.520099061,606,A-HAm-cib
511240.01919188193,7522447.388607265,535,A-FO-od
511282.7285030914,7522071.880541272,535,A-FO-od
511179.32975318603,7521728.8676666375,528,A-FO-od
505945.6003039054,7521750.819357944,578,A-FO-od
511903.6014177414,7522921.3913516365,517,A-FOu-bbo
511751.6716785166,7523055.891103398,517,A-FOu-bbo
511281.6805359513,7523179.389910179,547,A-FOu-bbo
506601.25003957096,7517890.31118687,525,A-FOu-bbo
511833.2194562998,7532074.708352307,538,A-FO-od
512105.6687810212,7531856.72116299,538,A-FO-od
512142.93045335286,7531665.72057138,538,A-FO-od
503017.27911748266,7529079.917413447,497,A-FO-od
501620.30121476064,7529520.418626208,532,A-FO-od
506536.27136487217,7533497.069811823,531,A-FO-od
508642.3284351383,7535045.169857115,529,A-FO-od
500057.0,7546714.663137947,513,P_-HAj-xci-od
500079.52973642584,7546673.418609079,514,P_-HAj-xci-od
500079.5312036015,7546487.918328627,514,P_-HAj-xci-od
567622.1680467662,7539065.709509222,644,P_-HAb-cib
567367.8194396317,7539429.208986007,644,P_-HAb-cib
566749.9497862551,7539865.219678104,682,P_-HAb-cib
566604.570687743,7539283.71003047,645,P_-HAb-cib
525179.9682016957,7541254.051281322,722,P_-HAb-cib
525460.5983894906,7541519.5493603675,737,P_-HAb-cib
525386.7694242358,7541815.050207809,737,P_-HAb-cib
560863.2396831636,7543723.340080999,755,P_-HAb-cib
560877.4691808246,7544041.84938064,665,P_-HAb-cib
560687.9808220222,7544303.858897511,665,P_-HAb-cib
556599.9385967562,7555426.48840506,501,P_-HAb-cib
556559.2704865363,7555700.999586031,497,P_-HAb-cib
556569.4697826208,7555965.490585951,497,P_-HAb-cib
554078.6297897741,7553331.990931773,523,P_-HAb-cib
584680.9873902325,7555604.218600435,589,P_-HAb-cib
584577.7002887137,7555862.229386002,570,P_-HAb-cib
584138.7399742465,7556043.240677168,570,P_-HAb-cib
550109.7665707849,7566789.569973655,479,P_-HAb-cib
553318.9207264844,7563183.053497421,495,P_-HAb-cib
556634.2605866278,7557478.990177939,530,P_-HAb-cib
564134.5325737563,7556167.961676204,484,P_-HAb-cib
575525.3781101247,7556424.33200563,495,P_-HAb-cib
581866.4695152923,7558651.271430729,593,P_-HAb-cib
580604.1000838389,7566600.289370321,606,P_-HAb-cib
577480.2552357008,7566974.756899705,639,P_-HAb-cib
595414.9905116935,7561166.163695509,597,P_-HAb-cib
598388.7270749626,7555357.661188084,526,P_-HAb-cib
594484.5572179354,7551490.1917250715,576,P_-HAb-cib
598438.9082396087,7546160.849378215,611,P_-HAb-cib
593545.8164328091,7542724.760749584,610,P_-HAb-cib
588662.9181635813,7541656.771312302,693,P_-HAb-cib
585989.5495720445,7539825.2921864055,688,P_-HAb-cib
579110.8507861692,7541587.753414777,668,P_-HAb-cib
575030.3984196368,7540737.7410914395,642,P_-HAb-cib
565106.9372882196,7543816.300033643,650,P_-HAb-cib
568857.9465440307,7539974.210126828,622,P_-HAb-cib
564854.4812554878,7536573.23264842,653,P_-HAb-cib
558153.220432315,7534254.789800772,756,P_-HAb-cib
543818.4091397265,7536099.731224369,781,P_-HAb-cib
521369.662030264,7541150.502289755,702,P_-HAb-cib
504385.1394308048,7540943.320965687,558,P_-HAb-cib
514562.7286008958,7558147.17054691,533,P_-HAj-xci-od
506142.7484252444,7552681.169673763,559,P_-HAj-xci-od
501046.3490385119,7551154.569691461,498,P_-HAj-xci-od
502664.49030063336,7566990.813880586,470,P_-HAo-ci
516664.72296734405,7565474.819238894,518,P_-HAw-fr
514044.07350681105,7564784.80197314,506,P_-HAw-fr
511103.17948755476,7564457.786968229,502,P_-HAw-fr
507722.38066805067,7563898.770015677,491,P_-HAw-fr
503948.14755748055,7565047.258589273,480,P_-HAw-fr
505661.7498334006,7562549.7186939325,486,P_-HAw-fr
508347.9429701514,7561308.708197456,511,P_-HAw-fr
509770.96868271136,7560917.210673118,508,P_-HAw-fr
507750.5275905799,7559810.181077973,498,P_-HAw-fr
506275.3191940948,7559638.672200396,503,P_-HAw-fr
504381.2195003204,7559846.6564227585,513,P_-HAw-fr
505483.8300996522,7558355.14332132,525,P_-HAw-fr
505087.2576627443,7557768.633839324,520,P_-HAw-fr
503552.9490253717,7557350.1193482075,522,P_-HAw-fr
500733.4579397843,7557619.603482345,509,P_-HAw-fr
501631.52130334196,7559998.659565259,476,P_-HAw-fr
502995.15776333713,7560293.170066135,509,P_-HAw-fr
503229.9177710508,7561248.190523865,487,P_-HAw-fr
505880.64989863406,7487247.250321713,524,A-HAm-cib
507038.6210250235,7489590.281161757,611,A-HAm-cib
507346.5796707117,7488824.779781913,530,A-HAm-cib
504112.21027081844,7489370.738525103,590,A-HAm-cib
504054.84959895624,7489339.229470232,590,A-HAm-cib
504022.8594024851,7489307.239065684,590,A-HAm-cib
507038.6210250235,7489590.281161757,611,A-HAd-kd
506783.10095077305,7489362.268314555,611,A-HAd-kd
506546.7491626097,7489140.768601758,611,A-HAd-kd
503751.9305728468,7489830.728156984,615,A-HAd-kd
503739.1377721347,7489811.739168566,615,A-HAd-kd
503726.2691680188,7489792.742123959,615,A-HAd-kd
506693.319928549,7490533.76943137,632,A-HAS-xsl-ci
506558.4317190833,7490254.77025507,632,A-HAS-xsl-ci
506404.49171110085,7489981.760738526,632,A-HAS-xsl-ci
506417.25767115725,7491318.2813556595,735,A-HAS-xsl-ci
506555.2406673352,7490922.77072281,735,A-HAS-xsl-ci
506568.20052356913,7490886.27119508,735,A-HAS-xsl-ci
503550.6392548235,7496953.7701611705,504,P_-HAj-xci-od
504011.86967143894,7496327.771008959,492,P_-HAj-xci-od
504453.46733975445,7495586.771023918,525,P_-HAj-xci-od
503311.331199903,7490794.238679588,670,A-HAS-xsl-ci
503150.55108095263,7490413.227903039,728,A-HAS-xsl-ci
502983.4220743107,7490038.719188256,728,A-HAS-xsl-ci
513444.63034618687,7471359.021746883,361,P_-HAb-cib
514102.4320142861,7470610.531417582,337,P_-HAb-cib
515470.5810782121,7469457.531658958,342,P_-HAb-cib
509981.97905010055,7473375.949265489,392,P_-HAb-cib
510615.8793950011,7472946.491254434,392,P_-HAb-cib
512486.99000059563,7471917.518935394,357,P_-HAb-cib
528824.2789137887,7461218.980347013,659,P_-HAb-cib
527908.0195876904,7461115.491075801,560,P_-HAb-cib
526806.7700710647,7460905.521412272,542,P_-HAb-cib
531561.2092181009,7461719.409085164,435,P_-HAb-cib
530554.8798443301,7461393.941451694,476,P_-HAb-cib
520335.61005588423,7461468.599066198,436,P_-HAb-cib
519504.4294752275,7461874.111734182,470,P_-HAb-cib
518526.27123045246,7462128.1077951435,419,P_-HAb-cib
516399.80070666084,7498690.920615657,523,P_-HAb-cib
516385.9389314196,7498704.920585137,523,P_-HAb-cib
516132.4019117698,7498877.912588157,523,P_-HAb-cib
516084.3513992564,7498918.921112342,523,P_-HAb-cib
515937.8602489384,7499043.418251859,528,P_-HAb-cib
515699.65057231823,7498844.918920735,528,P_-HAb-cib
528009.3800218557,7501104.558865529,574,P_-HAb-cib
526591.3816643116,7501049.041673204,590,P_-HAb-cib
524403.068737391,7500914.5082297195,579,P_-HAb-cib
510423.12932860455,7508407.370145738,629,P_-HAb-cib
510916.8983160641,7508045.88052368,548,P_-HAb-cib
511123.3615512063,7508097.88070478,548,P_-HAb-cib
518912.7776578842,7509330.469267307,595,P_-HAb-cib
519307.44020820735,7509273.489926822,611,P_-HAb-cib
519868.87003419275,7509350.489942374,593,P_-HAb-cib
530097.6597857232,7513415.708922468,623,P_-HAb-cib
530865.8808720469,7514850.737934848,651,P_-HAb-cib
531796.0906003015,7517486.249343563,629,P_-HAb-cib
541052.3213095309,7520834.207445517,632,P_-HAb-cib
547104.4277615217,7516423.159878989,810,P_-HAb-cib
542927.2699682949,7509989.150830636,862,P_-HAb-cib
532401.5081057971,7501876.600764217,644,P_-HAb-cib
528055.8004249188,7501423.059239739,550,P_-HAb-cib
510062.55897850316,7508685.348992782,541,P_-HAb-cib
510093.0783036793,7508648.857338661,541,P_-HAb-cib
500057.0,7510192.759071291,590,P_-HAb-cib
500261.5686411071,7510192.759438351,590,P_-HAb-cib
500585.4880589645,7510127.75978931,629,P_-HAb-cib
506417.25767115725,7491318.2813556595,735,P_-HAb-cib
506149.92121659766,7491268.766151808,673,P_-HAb-cib
506016.07938083616,7491212.266676472,673,P_-HAb-cib
503311.331199903,7490794.238679588,670,P_-HAb-cib
502974.598282997,7492183.728833279,609,P_-HAb-cib
502891.4791621051,7492094.73903059,609,P_-HAb-cib
514472.0090584865,7498277.889130253,627,P_-HAb-cib
514412.7483624618,7498326.901279589,627,P_-HAb-cib
514229.46888571983,7498441.401640562,598,P_-HAb-cib
504928.67011098715,7494580.769467043,535,P_-HAb-cib
500057.0,7477052.423851526,527,P_-HAb-cib
500810.14137113525,7477079.308891017,527,P_-HAb-cib
501635.8783194955,7476877.292236637,541,P_-HAb-cib
506134.78935984225,7492096.278175423,741,P_-HAb-cib
507220.4878799561,7474402.801045471,474,P_-HAb-cib
507975.6799306853,7474074.341565397,474,P_-HAb-cib
501444.3412699009,7488982.699604243,636,P_-HAb-cib
501147.5790377454,7488800.198512378,692,P_-HAb-cib
500831.85867823,7488535.179554243,739,P_-HAb-cib
504410.59916404093,7489048.739870515,590,P_-HAb-cib
504384.761581102,7489073.730354194,590,P_-HAb-cib
506862.3102182534,7489960.268253062,632,A-FO-od
507054.24726359616,7490207.26887208,632,A-FO-od
507291.5008919334,7490613.280619774,580,A-FO-od
508810.1015792787,7491668.300498532,592,A-FO-od
514472.0090584865,7498277.889130253,627,A-HAS-xsl-ci
514451.41946740914,7498257.400826973,627,A-HAS-xsl-ci
514010.91024298855,7498012.889619717,598,A-HAS-xsl-ci
511105.6788126138,7499624.357441727,516,P_-HAj-xci-od
510965.1009570293,7499491.370124668,521,P_-HAj-xci-od
510818.5905012182,7499441.3697023615,521,P_-HAj-xci-od
513751.0118555109,7500914.900836759,501,P_-HAw-fr
513377.9108467505,7501368.88969136,495,P_-HAw-fr
513129.0505362784,7501185.389230778,511,P_-HAw-fr
513462.93929074606,7507185.910558911,596,P_-HAw-fr
514147.9997899511,7506812.920572899,596,P_-HAw-fr
514536.6197847427,7506963.4204366,592,P_-HAw-fr
531297.3294852355,7510503.21123866,637,P_-HAw-fr
529716.5596375354,7503911.600905333,557,P_-HAw-fr
514400.4280142743,7501076.8987325635,508,P_-HAw-fr
503550.6392548235,7496953.7701611705,504,P_-HAw-fr
503237.7391794811,7496688.259777833,489,P_-HAw-fr
503084.38056085876,7496536.248184754,489,P_-HAw-fr
511105.6788126138,7499624.357441727,516,P_-HAw-fr
509754.4994253802,7500338.349095205,508,P_-HAw-fr
509296.11109952,7500226.340126652,508,P_-HAw-fr
500057.0,7506500.651067191,521,P_-HAw-fr
500340.08958345634,7506486.759899784,521,P_-HAw-fr
500823.40058481635,7506490.26225047,521,P_-HAw-fr
500057.0,7505060.474194477,497,P_-HAo-ci
500131.9501204774,7505060.257485614,497,P_-HAo-ci
500195.09058936924,7505047.770255009,497,P_-HAo-ci
511385.14157601114,7506222.879253003,524,P_-HAo-ci
512803.84000315634,7502339.391956767,489,P_-HAo-ci
512772.01080728055,7502326.89693208,489,P_-HAo-ci
512631.95938859036,7502295.900256196,489,P_-HAo-ci
516985.4093381178,7502432.939699863,506,P_-TK-s
516678.0984872619,7502381.4300076105,502,P_-TK-s
515987.7592238123,7502401.430661336,498,P_-TK-s
514948.98046134284,7506013.929378688,526,P_-TK-s
515178.5779736019,7505680.429232488,512,P_-TK-s
515243.8597487092,7505523.4306717,512,P_-TK-s
528426.111424993,7505027.081008641,558,P_-TK-s
516863.0578532002,7502589.9421950765,502,P_-TK-s
516963.4998265907,7502456.950804185,506,P_-TK-s
513018.0382493402,7501955.39919806,491,P_-TK-s
501193.31050307053,7500045.759062581,451,P_-TK-s
501077.7212916024,7500016.7591224555,451,P_-TK-s
500808.6175390625,7499942.2702404065,447,P_-TK-s
512803.84000315634,7502339.391956767,489,P_-TK-s
512481.1414184569,7502678.3898873795,489,P_-TK-s
512378.6922353765,7502790.377729694,489,P_-TK-s
500057.0,7507910.286054544,622,P_-HAj-xci-od
500329.86982927256,7507906.770175913,622,P_-HAj-xci-od
500904.16927582247,7507886.7609905,626,P_-HAj-xci-od
500057.0,7460685.999381933,290,P_-WYa-st
501115.9417790553,7460295.534060471,284,P_-WYa-st
503125.19147648144,7459752.76666643,298,P_-WYa-st
501641.8716348373,7463986.757928987,297,P_-SKq-stq
503169.26077227556,7463700.30083723,298,P_-SKq-stq
504294.3504509677,7463586.328780241,296,P_-SKq-stq
509256.01219881367,7461530.483231995,353,P_-SKq-stq
508311.2590959523,7461996.481424091,322,P_-SKq-stq
507251.85414506943,7462552.31302977,301,P_-SKq-stq
506588.0954723835,7467239.111801462,432,P_-TKo-stq
506555.3192086728,7467161.998655846,432,P_-TKo-stq
506496.7364930551,7467122.513565268,432,P_-TKo-stq
504124.74742886535,7466819.118014977,411,P_-TKo-stq
500983.6296302759,7467853.544942284,475,P_-TKo-stq
500914.74798565987,7467824.5339336535,475,P_-TKo-stq
500719.52257795585,7467870.639912609,506,P_-TKo-stq
511551.22118751594,7461858.152192892,317,P_-WYm-sp
511675.26131565974,7461537.5595233645,355,P_-WYm-sp
511927.7777919185,7461091.050253021,339,P_-WYm-sp
513435.8453950343,7459733.033136327,396,P_-WYm-sp
512969.75143282634,7459559.8880595155,341,P_-WYm-sp
512413.61317350855,7459507.67602458,336,P_-WYm-sp
509256.01219881367,7461530.483231995,353,P_-WYm-sp
509994.5318916032,7461588.529644295,333,P_-WYm-sp
510343.8420637106,7461632.486131908,333,P_-WYm-sp
510358.536550067,7461634.3309280295,333,P_-WYm-sp
510758.7771841358,7461684.616948002,317,P_-WYm-sp
500057.0,7462202.498053326,290,P_-WYm-sp
500238.1389900105,7462211.771905213,290,P_-WYm-sp
500912.57941852696,7462206.5780984,288,P_-WYm-sp
500057.0,7469932.22808968,383,P_-SKq-stq
500061.28652702697,7469930.377639836,383,P_-SKq-stq
500100.3373886039,7469904.037255375,383,P_-SKq-stq
501264.5355945394,7469824.964263086,373,P_-SKq-stq
502933.9173147313,7469642.98531333,353,P_-SKq-stq
504937.595078437,7469376.427518215,342,P_-SKq-stq
506666.23356263543,7468740.965061443,344,P_-SKq-stq
507249.4314268028,7467556.439567783,437,P_-SKq-stq
505092.2461258658,7467248.613275919,454,P_-SKq-stq
501897.3855549679,7467760.880381472,460,P_-SKq-stq
507327.5618185134,7472855.819046294,483,P_-HAw-fr
508379.5493736567,7472092.889904348,609,P_-HAw-fr
509926.3792550811,7471053.459813595,634,P_-HAw-fr
521811.389730862,7464210.579325391,520,P_-HAw-fr
519972.0612912217,7462584.599172224,380,P_-HAw-fr
500057.0,7475162.564069256,494,P_-HAw-fr
500196.73987802124,7475166.81025896,494,P_-HAw-fr
506588.0954723835,7467239.111801462,432,P_-TKa-xs-k
506539.8954683032,7467233.656415509,432,P_-TKa-xs-k
506471.56382335245,7467223.149709597,432,P_-TKa-xs-k
503839.37309842324,7467158.856368249,411,P_-TKa-xs-k
500983.6296302759,7467853.544942284,475,P_-TKa-xs-k
500980.04676704307,7467858.416323239,475,P_-TKa-xs-k
500805.119643434,7468096.249554286,506,P_-TKa-xs-k
500057.0,7470016.597744288,383,P_-TKa-xs-k
500063.4835473748,7470016.597737996,383,P_-TKa-xs-k
500156.2303012905,7470032.401227235,383,P_-TKa-xs-k
500373.15037096344,7470012.1575753745,383,P_-TKa-xs-k
500405.18111396715,7470006.056431873,383,P_-TKa-xs-k
500497.92790586624,7470011.321716004,383,P_-TKa-xs-k
503324.18575661205,7469689.614389677,353,P_-TKa-xs-k
505950.0956531205,7469114.592641825,381,P_-TKa-xs-k
507228.1192507046,7467386.116198169,445,P_-TKa-xs-k
500057.0,7470151.419780677,362,P_-TKo-stq
500137.31591727503,7470143.293465399,362,P_-TKo-stq
500239.8258618848,7470127.488025515,362,P_-TKo-stq
500485.43861836864,7473553.302206572,418,P_-TKk-sf
501263.2695235715,7473235.26729575,430,P_-TKk-sf
501929.77988775546,7472963.269486479,459,P_-TKk-sf
513601.19251476054,7464444.559824621,325,P_-TKk-sf
500057.0,7464121.564840562,298,P_-SKb-bb
500313.68179650116,7464179.229151202,298,P_-SKb-bb
500057.0,7480248.782130743,547,A-HAm-cib
500591.0096313884,7479484.808894328,540,A-HAm-cib
501769.9811737041,7478101.300710269,541,A-HAm-cib
504687.35762892355,7477968.22881251,501,A-FO-od
505098.7602121261,7477552.23053097,501,A-FO-od
505265.9014666565,7484584.218213312,457,A-FO-od
505480.40894078184,7484233.220457214,445,A-FO-od
505313.84953792935,7483973.231034426,458,A-FO-od
505211.30300111,7483814.219641069,458,A-FO-od
505762.0507786728,7476625.727787815,458,A-FO-od
505685.8107814377,7476638.728754265,458,A-FO-od
505609.5198878105,7476645.719672633,458,A-FO-od
504539.13225171296,7482882.707295835,473,A-FO-od
505480.40894078184,7484233.220457214,445,A-FOj-xs-b
505700.9906468314,7483811.729496349,445,A-FOj-xs-b
505649.8482626865,7483754.730073373,445,A-FOj-xs-b
505958.53961842495,7487139.229320476,524,A-FO-od
506110.05072629434,7486915.740454089,481,A-FO-od
506033.47157372185,7486852.2406233605,481,A-FO-od
503667.31957928033,7480099.750798002,565,A-FO-od
502880.03847572143,7483037.708157582,531,A-FO-od
505083.1998583666,7486598.730200525,498,A-FO-od
501072.4700685741,7481756.2497992655,609,A-FO-od
501246.54247837915,7481894.740684994,609,A-FO-od
501406.6585808531,7482129.228456323,609,A-FO-od
503552.33971516957,7486655.709400287,533,A-FO-od
503347.5603518758,7486389.71993993,533,A-FO-od
503155.3102637313,7486078.709831728,557,A-FO-od
508359.0609918062,7485102.268110935,447,A-FOj-xs-b
508504.71913849236,7484628.271873244,447,A-FOj-xs-b
507805.90905743383,7484115.759746378,439,A-FOj-xs-b
501072.4700685741,7481756.2497992655,609,A-HAm-cib
500662.1905650565,7481662.239038494,594,A-HAm-cib
500453.99026846205,7481675.240291605,594,A-HAm-cib
502957.371620952,7487244.71025176,554,A-HAm-cib
502637.9824362914,7486947.210049268,536,A-HAm-cib
502356.59916481597,7486617.698158991,536,A-HAm-cib
507573.9122103572,7484489.261443291,447,A-FO-od
508260.5899930015,7485796.270413132,469,A-FO-od
508359.0609918062,7485102.268110935,447,A-FO-od
508333.3797461794,7485064.269527864,447,A-FO-od
508307.82000325405,7485032.268317968,447,A-FO-od
507347.1124738755,7484942.258672247,447,A-FO-od
507404.5298669927,7484980.248981722,447,A-FO-od
507481.1493013127,7485036.750016443,447,A-FO-od
502590.86894096545,7487736.701876463,665,A-HAd-kd
502303.9617010509,7487579.197574471,665,A-HAd-kd
502221.223146823,7487573.209713379,665,A-HAd-kd
517847.87957327405,7497213.920454623,541,A-FOj-xs-b
517992.7798879188,7496926.4290506095,541,A-FOj-xs-b
518383.9313652114,7496275.420094537,535,A-FOj-xs-b
512815.39263645443,7492760.360972235,576,A-FOj-xs-b
505402.5485806385,7485732.730717575,469,A-FOj-xs-b
507347.1124738755,7484942.258672247,447,A-FOj-xs-b
508068.69950182165,7486904.778435916,481,A-FOj-xs-b
508148.22892971605,7486236.259379771,481,A-FOj-xs-b
502021.73808549583,7488408.211611359,676,A-HAS-xsl-ci
501632.7410079416,7488181.199111034,692,A-HAS-xsl-ci
501434.6300688404,7487978.189906029,692,A-HAS-xsl-ci
506963.07137255516,7485752.758985758,475,A-FO-od
507962.9394703012,7487395.770526785,568,A-FO-od
506792.39030264167,7485969.747834358,475,A-FO-od
506837.13948368584,7486020.752686115,475,A-FO-od
506875.3994597726,7486039.249232415,475,A-FO-od
508068.69950182165,7486904.778435916,481,A-FO-od
507928.44168252696,7486822.7691219505,534,A-FO-od
507787.9802354543,7486709.268830009,534,A-FO-od
503552.33971516957,7486655.709400287,533,A-FO-od
503623.4508843849,7486897.218504466,510,A-FO-od
503777.5379752313,7487201.717025951,574,A-FO-od
505446.8099461349,7487848.25195257,524,A-FO-od
505375.83049020026,7487645.250450746,524,A-FO-od
505254.1012348651,7487448.740976421,541,A-FO-od
504662.7901713547,7488807.240065081,609,A-FO-od
504388.11968115834,7488554.230207212,577,A-FO-od
504183.73038880643,7488364.729139175,577,A-FO-od
502957.371620952,7487244.71025176,554,A-FO-od
503002.14000932546,7487295.208908284,554,A-FO-od
503040.56919414405,7487358.718149997,554,A-FO-od
